4274
5999
7280
1882
4867
7363
4777
2810
2265
830
9197
4556
5112
4169
7248
6763
3880
5740
3376
5155
1473
6510
1931
8037
6063
2912
9397
8816
5154
4896
3385
3894
1342
593
5447
6899
8357
6065
1721
1152
1328
9635
6781
3787
151
534
2947
4176
3546
4253
1931
757
909
2969
6484
684
1416
7747
7408
5459
7094
7052
3295
1813
2967
5036
4274
5497
6304
3051
480
8660
2653
1607
1702
705
158
1511
3829
6556
1659
4273
2503
4620
5985
8908
189
3236
30
4107
9266
1356
6857
7173
4988
2145
5666
625
7113
1423
5161
9581
4804
7855
1905
4631
4624
1719
7677
7565
4119
1644
1614
2513
6414
1433
870
1622
8627
9347
6911
7235
6097
950
6510
8883
6490
1920
1453
4788
6293
1017
2799
1399
7437
5147
5048
5460
9865
4870
7643
540
6036
2670
6838
3619
6502
4392
1377
8557
6500
2121
6958
2620
1802
3667
2413
1107
3131
5330
8480
2429
7152
9705
8858
6009
1175
1962
4013
5481
4803
3949
1274
5767
4832
5035
9068
1666
3645
7866
3165
8818
3947
9092
6104
6670
5108
7633
43
4745
4513
2196
3812
9004
7250
7006
1429
2739
5429
6225
4620
9742
7197
9710
5427
4613
297
3084
5231
6421
1521
7489
5009
6638
7346
5841
9294
1295
7806
7555
6098
495
6264
3780
3137
1814
5999
6384
9479
9805
4808
9790
6636
4343
963
7215
5688
5640
8579
5589
145
8120
9723
670
6006
646
7996
9559
2883
8925
9816
8043
8024
7588
9961
4063
7105
8489
5390
7828
3481
2882
383
3198
8441
9446
9898
4100
5875
4665
832
9846
155
5284
4499
3228
7406
2845
8739
6389
7136
4995
616
2964
6251
3047
793
3570
5031
5786
6207
3413
6296
7156
2304
5662
8517
561
5461
775
9287
7072
5158
6103
456
952
1059
897
7952
4703
7964
6047
5607
6023
529
2682
4270
7835
1466
2765
9386
8699
9968
2997
7145
4441
518
5403
8509
2551
9047
9413
6015
2761
8863
6947
8486
8955
7565
9228
4895
1645
4931
3569
7764
4572
4976
7300
8089
3698
2415
4316
8156
3892
6292
4786
1133
7618
9723
8520
5470
4132
2415
8516
1383
5192
8990
611
1409
3679
8749
6864
2864
955
5635
8172
4944
8840
2136
5776
5844
2517
9523
8165
8341
1365
1174
7899
1907
1896
3334
7488
6530
9985
2010
1801
3344
8680
3119
9894
1639
8088
4673
5289
9698
3583
68
3529
3047
7298
3572
8260
2510
9813
3609
7687
2644
1411
5245
496
5916
6246
7030
7672
4931
5953
5198
4601
7450
3396
5190
6404
8217
8560
8513
1838
3933
7242
84
2986
9500
8982
5810
1189
9550
9621
6859
5815
1756
5049
3331
682
1224
5723
948
1822
7491
7536
5069
9708
4431
5920
4084
5925
8240
3323
8131
6487
2876
440
973
7053
7886
6997
135
4676
5645
1368
2525
9508
6803
7705
2420
7107
6531
1295
6554
7600
3139
1780
6243
8853
4743
2996
6840
7830
1501
6001
1168
812
4854
4354
100
7059
8923
7823
3674
1945
7409
2420
5190
5775
2338
4875
2196
3089
891
8308
1409
8038
9824
3129
3470
8937
4643
5030
5226
7203
1304
3494
4198
5239
3162
2022
8914
3798
6376
6986
4571
8458
6647
5752
2361
9567
2182
2507
3920
9906
2793
9389
3825
7465
1421
799
9645
2442
4085
6128
3298
2960
6981
1170
2753
6522
5768
8601
8823
3174
1836
2300
981
3866
5056
6821
2384
4734
7324
5597
5260
3091
1731
5634
5489
1335
2016
6228
7986
6135
5669
3253
212
6052
6449
2453
6221
1991
3361
5424
4046
1164
3052
536
2467
455
7315
4940
8378
8677
2239
3671
2753
9481
7373
866
2928
7472
706
7849
4059
6938
1607
3955
8120
6886
9635
5979
5333
7764
9129
8619
9159
107
4691
7551
3386
1955
679
4130
7689
1073
915
9829
9214
7565
5348
4011
4457
2001
6494
1283
4968
4328
7848
3892
2343
4174
6833
4315
1049
4683
8953
1704
2089
1140
8418
8696
8678
2421
4340
3432
4863
2735
2466
5621
5706
8650
8750
2989
1118
6087
9815
4436
4962
6254
644
3431
9416
6610
8019
6724
818
6621
7815
8320
5315
861
9755
3839
1311
5958
1955
4673
6003
8586
4170
7728
3291
5807
2602
814
3636
8656
1372
1419
2197
6508
9457
8044
9102
6611
6904
301
3939
5682
6354
177
9433
1793
3897
6520
3286
1337
7574
7277
6458
7606
4747
4039
3072
1774
1062
4005
5409
8889
5334
8678
5248
2754
887
4118
1192
236
4239
123
9650
5327
9439
1702
2595
8571
2254
9397
1347
3318
1151
8998
5827
8990
613
2991
2836
3281
8225
3931
1805
2525
9976
7289
6101
151
4603
7079
1820
9885
5565
7783
3235
4291
3495
5404
6300
7192
3737
4780
3968
6474
4370
1670
3389
6662
1069
1365
2582
956
6691
8998
4810
431
5493
7646
6945
2983
3642
1257
6948
5478
8709
1031
2381
9655
8815
3196
1649
9614
4243
7821
8184
9625
6409
9492
8948
7706
44
1139
4149
5431
4346
50
8145
956
4329
7457
9833
9892
8508
5562
8498
8002
7541
5727
6200
9427
3855
1301
8157
9238
2992
7293
9678
5565
1081
7931
7798
1364
248
2932
6679
5184
2316
2662
6504
7787
7855
7005
2926
7285
6382
8350
3722
6408
2224
3935
8036
1316
6056
1571
4994
2505
5048
5933
3641
217
5540
4327
3572
3470
6698
4205
4360
6982
7840
1468
6089
8035
6911
9460
3974
2228
38
731
9442
5139
6636
3084
3009
5953
4358
734
5867
6234
3752
9945
1440
4351
3422
8216
340
7372
5733
925
7960
9196
732
7782
3097
6216
182
1198
305
2687
3188
5679
8226
9859
8527
4913
8224
7214
1546
3809
7245
5001
8478
7637
1373
8130
5361
3788
7865
965
4036
7283
6484
5769
77
6266
1372
3371
5223
6949
4263
3727
7057
9890
8834
9501
3425
5774
4529
1639
3132
3384
8934
6925
3622
1367
7650
4312
8341
1580
1612
6570
4177
5179
4590
3043
9662
9148
3084
4150
