30
38
43
44
50
68
77
84
100
107
123
135
145
151
151
155
158
177
182
189
212
217
236
248
297
301
305
340
383
431
440
455
456
480
495
496
518
529
534
536
540
561
593
611
613
616
625
644
646
670
679
682
684
705
706
731
732
734
757
775
793
799
812
814
818
830
832
861
866
870
887
891
897
909
915
925
948
950
952
955
956
956
963
965
973
981
1017
1031
1049
1059
1062
1069
1073
1081
1107
1118
1133
1139
1140
1151
1152
1164
1168
1170
1174
1175
1189
1192
1198
1224
1257
1274
1283
1295
1295
1301
1304
1311
1316
1328
1335
1337
1342
1347
1356
1364
1365
1365
1367
1368
1372
1372
1373
1377
1383
1399
1409
1409
1411
1416
1419
1421
1423
1429
1433
1440
1453
1466
1468
1473
1501
1511
1521
1546
1571
1580
1607
1607
1612
1614
1622
1639
1639
1644
1645
1649
1659
1666
1670
1702
1702
1704
1719
1721
1731
1756
1774
1780
1793
1801
1802
1805
1813
1814
1820
1822
1836
1838
1882
1896
1905
1907
1920
1931
1931
1945
1955
1955
1962
1991
2001
2010
2016
2022
2089
2121
2136
2145
2182
2196
2196
2197
2224
2228
2239
2254
2265
2300
2304
2316
2338
2343
2361
2381
2384
2413
2415
2415
2420
2420
2421
2429
2442
2453
2466
2467
2503
2505
2507
2510
2513
2517
2525
2525
2551
2582
2595
2602
2620
2644
2653
2662
2670
2682
2687
2735
2739
2753
2753
2754
2761
2765
2793
2799
2810
2836
2845
2864
2876
2882
2883
2912
2926
2928
2932
2947
2960
2964
2967
2969
2983
2986
2989
2991
2992
2996
2997
3009
3043
3047
3047
3051
3052
3072
3084
3084
3084
3089
3091
3097
3119
3129
3131
3132
3137
3139
3162
3165
3174
3188
3196
3198
3228
3235
3236
3253
3281
3286
3291
3295
3298
3318
3323
3331
3334
3344
3361
3371
3376
3384
3385
3386
3389
3396
3413
3422
3425
3431
3432
3470
3470
3481
3494
3495
3529
3546
3569
3570
3572
3572
3583
3609
3619
3622
3636
3641
3642
3645
3667
3671
3674
3679
3698
3722
3727
3737
3752
3780
3787
3788
3798
3809
3812
3825
3829
3839
3855
3866
3880
3892
3892
3894
3897
3920
3931
3933
3935
3939
3947
3949
3955
3968
3974
4005
4011
4013
4036
4039
4046
4059
4063
4084
4085
4100
4107
4118
4119
4130
4132
4149
4150
4169
4170
4174
4176
4177
4198
4205
4239
4243
4253
4263
4270
4273
4274
4274
4291
4312
4315
4316
4327
4328
4329
4340
4343
4346
4351
4354
4358
4360
4370
4392
4431
4436
4441
4457
4499
4513
4529
4556
4571
4572
4590
4601
4603
4613
4620
4620
4624
4631
4643
4665
4673
4673
4676
4683
4691
4703
4734
4743
4745
4747
4777
4780
4786
4788
4803
4804
4808
4810
4832
4854
4863
4867
4870
4875
4895
4896
4913
4931
4931
4940
4944
4962
4968
4976
4988
4994
4995
5001
5009
5030
5031
5035
5036
5048
5048
5049
5056
5069
5108
5112
5139
5147
5154
5155
5158
5161
5179
5184
5190
5190
5192
5198
5223
5226
5231
5239
5245
5248
5260
5284
5289
5315
5327
5330
5333
5334
5348
5361
5390
5403
5404
5409
5424
5427
5429
5431
5447
5459
5460
5461
5470
5478
5481
5489
5493
5497
5540
5562
5565
5565
5589
5597
5607
5621
5634
5635
5640
5645
5662
5666
5669
5679
5682
5688
5706
5723
5727
5733
5740
5752
5767
5768
5769
5774
5775
5776
5786
5807
5810
5815
5827
5841
5844
5867
5875
5916
5920
5925
5933
5953
5953
5958
5979
5985
5999
5999
6001
6003
6006
6009
6015
6023
6036
6047
6052
6056
6063
6065
6087
6089
6097
6098
6101
6103
6104
6128
6135
6200
6207
6216
6221
6225
6228
6234
6243
6246
6251
6254
6264
6266
6292
6293
6296
6300
6304
6354
6376
6382
6384
6389
6404
6408
6409
6414
6421
6449
6458
6474
6484
6484
6487
6490
6494
6500
6502
6504
6508
6510
6510
6520
6522
6530
6531
6554
6556
6570
6610
6611
6621
6636
6636
6638
6647
6662
6670
6679
6691
6698
6724
6763
6781
6803
6821
6833
6838
6840
6857
6859
6864
6886
6899
6904
6911
6911
6925
6938
6945
6947
6948
6949
6958
6981
6982
6986
6997
7005
7006
7030
7052
7053
7057
7059
7072
7079
7094
7105
7107
7113
7136
7145
7152
7156
7173
7192
7197
7203
7214
7215
7235
7242
7245
7248
7250
7277
7280
7283
7285
7289
7293
7298
7300
7315
7324
7346
7363
7372
7373
7406
7408
7409
7437
7450
7457
7465
7472
7488
7489
7491
7536
7541
7551
7555
7565
7565
7565
7574
7588
7600
7606
7618
7633
7637
7643
7646
7650
7672
7677
7687
7689
7705
7706
7728
7747
7764
7764
7782
7783
7787
7798
7806
7815
7821
7823
7828
7830
7835
7840
7848
7849
7855
7855
7865
7866
7886
7899
7931
7952
7960
7964
7986
7996
8002
8019
8024
8035
8036
8037
8038
8043
8044
8088
8089
8120
8120
8130
8131
8145
8156
8157
8165
8172
8184
8216
8217
8224
8225
8226
8240
8260
8308
8320
8341
8341
8350
8357
8378
8418
8441
8458
8478
8480
8486
8489
8498
8508
8509
8513
8516
8517
8520
8527
8557
8560
8571
8579
8586
8601
8619
8627
8650
8656
8660
8677
8678
8678
8680
8696
8699
8709
8739
8749
8750
8815
8816
8818
8823
8834
8840
8853
8858
8863
8883
8889
8908
8914
8923
8925
8934
8937
8948
8953
8955
8982
8990
8990
8998
8998
9004
9047
9068
9092
9102
9129
9148
9159
9196
9197
9214
9228
9238
9266
9287
9294
9347
9386
9389
9397
9397
9413
9416
9427
9433
9439
9442
9446
9457
9460
9479
9481
9492
9500
9501
9508
9523
9550
9559
9567
9581
9614
9621
9625
9635
9635
9645
9650
9655
9662
9678
9698
9705
9708
9710
9723
9723
9742
9755
9790
9805
9813
9815
9816
9824
9829
9833
9846
9859
9865
9885
9890
9892
9894
9898
9906
9945
9961
9968
9976
9985
